MESA_ROTATORIA\PL_MESA_COLOR    # states: 23    state set: 0 ... 22    initial state: 0

marker states:       

      0 

vocal states: none


# transitions: 33

transitions: 

[    0,  0,    1]  [    1,  2,    2]  [    1,  4,    2]  [    2,  6,    3]  
[    2,  8,    4]  [    3,  1,    5]  [    3,  3,    6]  [    4,  1,    7]  
[    4,  3,    6]  [    5, 10,    8]  [    6, 12,    9]  [    7, 10,   10]  
[    8, 14,   11]  [    9, 16,    1]  [   10, 14,   12]  [   11,  2,   13]  
[   11,  4,   13]  [   12,  2,   14]  [   12,  4,   14]  [   13,  6,   15]  
[   13,  8,   16]  [   14,  6,   17]  [   14,  8,   18]  [   15,  3,   19]  
[   16,  1,    7]  [   16,  3,   19]  [   17,  1,    5]  [   17,  3,   20]  
[   18,  3,   20]  [   19, 12,   21]  [   20, 12,   22]  [   21, 16,   11]  
[   22, 16,   12]  
